Initialize virtual sensor...
ProcessNextFrame [0 | 798]
depth/1305031102.160407.png    rgb/1305031102.175304.png
Camera pose Frame #0
0.079630        0.996720        0.010536        -0.749879
0.611523        -0.040417       -0.790124       0.516471
-0.787147       0.069322        -0.612717       2.034149
-0.000000       -0.000000       0.000000        1.000000

ProcessNextFrame [1 | 798]
depth/1305031102.194330.png    rgb/1305031102.211214.png
Camera pose Frame #1
0.070551        0.997551        0.007783        -0.731622
0.614505        -0.037438       -0.788127       0.504860
-0.785845       0.060443        -0.615669       2.028440
-0.000000       -0.000000       0.000000        1.000000

ProcessNextFrame [2 | 798]
depth/1305031102.226738.png    rgb/1305031102.243211.png
Camera pose Frame #2
0.066499        0.997702        0.005964        -0.722076
0.627619        -0.037067       -0.777542       0.467750
-0.775589       0.055397        -0.628617       2.028594
-0.000000       -0.000000       0.000000        1.000000

ProcessNextFrame [3 | 798]
depth/1305031102.262886.png    rgb/1305031102.275326.png
Camera pose Frame #3
0.065729        0.997835        0.001311        -0.712744
0.637541        -0.040981       -0.769323       0.441395
-0.767605       0.051401        -0.638854       2.023118
-0.000000       -0.000000       0.000000        1.000000

ProcessNextFrame [4 | 798]
depth/1305031102.295279.png    rgb/1305031102.311267.png
Camera pose Frame #4
0.062988        0.997970        -0.001404       -0.704533
0.643253        -0.041599       -0.764459       0.424821
-0.763001       0.047216        -0.644552       2.018169
-0.000000       -0.000000       0.000000        1.000000

ProcessNextFrame [5 | 798]
depth/1305031102.329195.png    rgb/1305031102.343233.png
Camera pose Frame #5
0.062726        0.998018        -0.006162       -0.696196
0.645033        -0.045262       -0.762822       0.420611
-0.761584       0.043878        -0.646596       2.011276
-0.000000       -0.000000       0.000000        1.000000

ProcessNextFrame [6 | 798]
depth/1305031102.363013.png    rgb/1305031102.375329.png
Camera pose Frame #6
0.058734        0.998285        -0.010564       -0.683686
0.647606        -0.046268       -0.760667       0.412712
-0.759797       0.037887        -0.649236       2.002914
-0.000000       -0.000000       0.000000        1.000000

ProcessNextFrame [7 | 798]
depth/1305031102.394772.png    rgb/1305031102.411258.png
Camera pose Frame #7
0.055878        0.998345        -0.011834       -0.677689
0.650236        -0.045345       -0.758345       0.403560
-0.757645       0.034663        -0.651686       1.995631
-0.000000       -0.000000       0.000000        1.000000

ProcessNextFrame [8 | 798]
depth/1305031102.427815.png    rgb/1305031102.443271.png
Camera pose Frame #8
0.049651        0.998577        -0.015272       -0.664093
0.657288        -0.044060       -0.752245       0.382422
-0.751906       0.027256        -0.658515       1.993054
-0.000000       -0.000000       0.000000        1.000000

ProcessNextFrame [9 | 798]
depth/1305031102.462395.png    rgb/1305031102.475318.png
Camera pose Frame #9
0.044092        0.998819        -0.020542       -0.648344
0.672889        -0.044895       -0.738384       0.339325
-0.738432       0.018736        -0.674075       1.991449
-0.000000       -0.000000       0.000000        1.000000

ProcessNextFrame [10 | 798]
depth/1305031102.494271.png    rgb/1305031102.511219.png
Camera pose Frame #10
0.044742        0.998842        -0.018340       -0.652166
0.677566        -0.043851       -0.734171       0.325406
-0.734116       0.020430        -0.678747       1.981208
-0.000000       -0.000000       0.000000        1.000000

ProcessNextFrame [11 | 798]
depth/1305031102.526330.png    rgb/1305031102.543220.png
Camera pose Frame #11
0.045016        0.998996        -0.013578       -0.659669
0.683717        -0.040894       -0.728754       0.306495
-0.728498       0.023597        -0.684905       1.970943
-0.000000       -0.000000       0.000000        1.000000

ProcessNextFrame [12 | 798]
depth/1305031102.562224.png    rgb/1305031102.575286.png
Camera pose Frame #12
0.043611        0.999047        -0.007705       -0.666262
0.685689        -0.035589       -0.727066       0.297415
-0.726626       0.026445        -0.686597       1.955134
-0.000000       -0.000000       0.000000        1.000000

ProcessNextFrame [13 | 798]
depth/1305031102.594158.png    rgb/1305031102.611233.png
Camera pose Frame #13
0.050959        0.998660        -0.005100       -0.678812
0.684094        -0.038578       -0.728332       0.302420
-0.727574       0.033606        -0.685134       1.939489
-0.000000       -0.000000       0.000000        1.000000

ProcessNextFrame [14 | 798]
depth/1305031102.626818.png    rgb/1305031102.643265.png
Camera pose Frame #14
0.052415        0.998741        -0.003662       -0.682635
0.679745        -0.038577       -0.732617       0.313829
-0.731741       0.036001        -0.680951       1.926168
-0.000000       -0.000000       0.000000        1.000000

ProcessNextFrame [15 | 798]
depth/1305031102.663273.png    rgb/1305031102.675285.png
Camera pose Frame #15
0.052922        0.998662        -0.008215       -0.675669
0.679635        -0.042213       -0.732481       0.314315
-0.731772       0.033253        -0.680992       1.912629
-0.000000       -0.000000       0.000000        1.000000

ProcessNextFrame [16 | 798]
depth/1305031102.695165.png    rgb/1305031102.711263.png
Camera pose Frame #16
0.052715        0.998632        -0.009785       -0.672700
0.680860        -0.043230       -0.731242       0.310172
-0.730610       0.031937        -0.682230       1.902655
-0.000000       -0.000000       0.000000        1.000000

ProcessNextFrame [17 | 798]
depth/1305031102.728423.png    rgb/1305031102.743234.png
Camera pose Frame #17
0.055366        0.998402        -0.013409       -0.670369
0.677383        -0.047470       -0.734137       0.319836
-0.733580       0.031582        -0.678938       1.889367
-0.000000       -0.000000       0.000000        1.000000

ProcessNextFrame [18 | 798]
depth/1305031102.763549.png    rgb/1305031102.775472.png
Camera pose Frame #18
0.058109        0.998270        -0.010598       -0.677276
0.681034        -0.047429       -0.730739       0.308089
-0.729965       0.035257        -0.682617       1.872285
-0.000000       -0.000000       0.000000        1.000000

ProcessNextFrame [19 | 798]
depth/1305031102.794978.png    rgb/1305031102.811232.png
Camera pose Frame #19
0.060489        0.998099        -0.004559       -0.688838
0.681515        -0.044533       -0.730358       0.303389
-0.729219       0.041028        -0.682894       1.856306
-0.000000       -0.000000       0.000000        1.000000

ProcessNextFrame [20 | 798]
depth/1305031102.828537.png    rgb/1305031102.843290.png
Camera pose Frame #20
0.064665        0.997785        -0.000172       -0.700001
0.686447        -0.044393       -0.725636       0.288287
-0.724131       0.046717        -0.687759       1.842814
-0.000000       -0.000000       0.000000        1.000000

ProcessNextFrame [21 | 798]
depth/1305031102.862808.png    rgb/1305031102.875363.png
Camera pose Frame #21
0.066147        0.997720        0.009723        -0.715508
0.683783        -0.038156       -0.728621       0.289709
-0.726622       0.054813        -0.684735       1.821538
-0.000000       -0.000000       0.000000        1.000000

ProcessNextFrame [22 | 798]
depth/1305031102.894167.png    rgb/1305031102.911185.png
Camera pose Frame #22
0.065483        0.997798        0.012968        -0.718611
0.683760        -0.035452       -0.728888       0.286462
-0.726801       0.056617        -0.684584       1.809957
-0.000000       -0.000000       0.000000        1.000000

ProcessNextFrame [23 | 798]
depth/1305031102.926851.png    rgb/1305031102.943229.png
Camera pose Frame #23
0.065015        0.997814        0.016552        -0.722239
0.683179        -0.032531       -0.729627       0.284473
-0.727443       0.058792        -0.683820       1.797726
-0.000000       -0.000000       0.000000        1.000000

ProcessNextFrame [24 | 798]
depth/1305031102.962137.png    rgb/1305031102.975203.png
Camera pose Frame #24
0.052508        0.998599        0.010964        -0.698367
0.681724        -0.027887       -0.731134       0.282808
-0.729775       0.045892        -0.682245       1.792491
-0.000000       -0.000000       0.000000        1.000000

ProcessNextFrame [25 | 798]
depth/1305031102.994164.png    rgb/1305031103.011215.png
Camera pose Frame #25
0.048283        0.998835        -0.000578       -0.675886
0.683164        -0.033447       -0.729501       0.280144
-0.728669       0.034828        -0.683983       1.790735
-0.000000       -0.000000       0.000000        1.000000

ProcessNextFrame [26 | 798]
depth/1305031103.027881.png    rgb/1305031103.043227.png
Camera pose Frame #26
0.043328        0.999059        -0.010794       -0.654803
0.685977        -0.037700       -0.726730       0.273318
-0.726410       0.024125        -0.686983       1.789413
-0.000000       -0.000000       0.000000        1.000000

ProcessNextFrame [27 | 798]
depth/1305031103.062273.png    rgb/1305031103.075319.png
Camera pose Frame #27
0.043555        0.998890        -0.021656       -0.639059
0.685988        -0.045787       -0.726281       0.274789
-0.726409       0.016832        -0.687245       1.782378
-0.000000       -0.000000       0.000000        1.000000

ProcessNextFrame [28 | 798]
depth/1305031103.094040.png    rgb/1305031103.111240.png
Camera pose Frame #28
0.044842        0.998681        -0.022524       -0.639005
0.683138        -0.047004       -0.728687       0.280184
-0.728831       0.017245        -0.684325       1.771901
-0.000000       -0.000000       0.000000        1.000000

ProcessNextFrame [29 | 798]
depth/1305031103.129109.png    rgb/1305031103.143318.png
Camera pose Frame #29
0.047554        0.998640        -0.024176       -0.639776
0.685192        -0.050333       -0.726717       0.275089
-0.726896       0.018041        -0.686675       1.764088
-0.000000       -0.000000       0.000000        1.000000

ProcessNextFrame [30 | 798]
depth/1305031103.162795.png    rgb/1305031103.175452.png
Camera pose Frame #30
0.052050        0.998276        -0.024738       -0.643637
0.685984        -0.053637       -0.725542       0.271896
-0.725667       0.020749        -0.687573       1.751323
-0.000000       -0.000000       0.000000        1.000000

ProcessNextFrame [31 | 798]
depth/1305031103.191061.png    rgb/1305031103.211220.png
Initial camera pose:
0.051329        0.998415        -0.024098       -0.643955
0.692911        -0.053023       -0.719108       0.252738
-0.719227       0.020231        -0.694543       1.746075
-0.000000       -0.000000       0.000000        1.000000
